IP,HOSTNAME,DATE,TIME
10.41.68.1,qrt008168rts,01/11/2024,11:44:21
10.41.68.2,N/A,01/11/2024,11:44:21
10.41.68.3,N/A,01/11/2024,11:44:21
10.41.68.15,WPHC004180,01/11/2024,11:44:27
10.41.68.23,WPHC006637,01/11/2024,11:44:30
10.41.68.25,WPHC006640,01/11/2024,11:44:31
10.41.68.27,WPHC006450,01/11/2024,11:44:31
10.41.68.28,WPHC006374,01/11/2024,11:44:31
10.41.68.30,WPHC006567,01/11/2024,11:44:32
10.41.68.32,WPHC004300,01/11/2024,11:44:32
10.41.68.33,WPHC003199,01/11/2024,11:44:32
10.41.68.35,WPHC006432,01/11/2024,11:44:33
10.41.68.37,WPHC003200,01/11/2024,11:44:33
10.41.68.40,WPHC004100,01/11/2024,11:44:34
10.41.68.41,WPHC005882,01/11/2024,11:44:34
10.41.68.43,WPHC003813,01/11/2024,11:44:35
10.41.68.44,WPHC005946,01/11/2024,11:44:35
10.41.68.46,WPHC003853,01/11/2024,11:44:35
10.41.68.47,WPHC006143,01/11/2024,11:44:35
10.41.68.48,WPHC006490,01/11/2024,11:44:36
10.41.68.49,WPHC003520,01/11/2024,11:44:36
10.41.68.51,WPHC003416,01/11/2024,11:44:36
10.41.68.53,WPHC004098,01/11/2024,11:44:37
10.41.68.54,WPHC005799,01/11/2024,11:44:37
10.41.68.57,WPHC006408,01/11/2024,11:44:38
10.41.68.58,WPHC006506,01/11/2024,11:44:38
10.41.68.60,WPHC004168,01/11/2024,11:44:38
10.41.68.61,WPHC003202,01/11/2024,11:44:38
10.41.68.63,WPHC004059,01/11/2024,11:44:39
10.41.68.64,WPHC006463,01/11/2024,11:44:39
10.41.68.67,WPHC001828,01/11/2024,11:44:40
10.41.68.68,WPHC005706,01/11/2024,11:44:40
10.41.68.70,WPHC006291,01/11/2024,11:44:40
10.41.68.75,WPHC003689,01/11/2024,11:44:42
10.41.68.76,WPHC006510,01/11/2024,11:44:42
10.41.68.78,be438834dyn,01/11/2024,11:44:43
10.41.68.79,WPHC006065,01/11/2024,11:44:43
10.41.68.83,WPHC006006,01/11/2024,11:44:44
