IP,HOSTNAME,DATE,TIME
10.41.8.1,qrt009296rts,12/25/2023,15:42:51
10.41.8.3,N/A,12/25/2023,15:42:51
10.41.8.13,WPHC006375,12/25/2023,15:42:56
10.41.8.47,WPHC005420,12/25/2023,15:43:12
10.41.8.55,WPHC005786,12/25/2023,15:43:16
10.41.8.119,WPHC003831,12/25/2023,15:43:47
